1111111111111111111111111111111111111111111111111111111111111111111111111111111111111111111111111111
1111111111111111111111111111111111111111111111111111111111111111111111111111111111111111111111111111
0000000000000000000000000000000000000000000000000000000000000000000000000000000000000000000000000000
0000000000000000000000000000000000000000000000000000000000000000000000000000000000000000000000000000
0000000000000000000000000000000000000000000000000000000000000000000000000000000000000000000000000000
0000000000000000000000000000000000000000000000000000000000000000000000000000000000000000000000000000
0000000000000000000000000000000000000000000000000000000000000000000000000000000000000000000000000000
0000000000000000000000000000000000000000000000000000000000000000000000000000000000000000000000000000
0000000000000000000000000000000000000000000000000000000000000000000000000000000000000000000000000000
0000000000000000000000000000000000000000000000000000000000000000000000000000000000000000000000000000
0000000000000000000000000000000000000000000000000000000000000000000000000000000000000000000000000000
1000000000000000000000000000000000000000000000000000000000000000000000000000000000000000000000000000
1000000000000000000000000000000000000000000000000000000000000000000000000000000000000000000000000001
1000000000000000000000000000000000000000000000000000000000000000000000000000000000000000000000000001
1000000000000000000000000000000000000000000000000000000000000000000000000000000000000000000000000001
1000000000000000000000000000000000000000000000000000000000000000000000000000000000000000000000000001
1000000000000000000000000000000000000000000000000000000000000000000000000000000000000000000000000001
1000000000000000000000000000100000000000000000000000000000000000000000000000000000000000000000000001
1000000000000000000000000001100000000000000000000000000000000000000000000000000000000000000000000001
1000000000000000000000000011000000000000000000000000000000000000000000000000000000000000000000000001
1000000000000000000000010111000000000000000000000000000000000000000000000000000000000000000000000001
1000000000000000000000100110000000000000000000000000000000000000000000000000000000000000000000000001
1000000000000000000000100110000000000000000000000000000000000000000000000000000000000000000000000001
1000000000000000000000000100000000000000000000000000000000000000000000000000000000000000000000000001
1000000000000000000001000100000000000000000000000000000000000000000000000000000000000000000000000001
1000000000000000000001001100000000000000000000000000000000000000000000000000000000000000000000000001
1000000000000000000000001000000000000000000000000000000000000000000000000000000000000000000000000001
1000000000000000000000001000000000000000000000000000000000000000000000000000000000000000000000000001
1000000000000000000000001000000000000000000000000000000000000000001000000000000000000000000000000001
1000000000000000000000011000000000000000000000000000000000000001000000000000000000000000000000000001
1000000000000000000000011000000000000000000000000000000000000000000100000000000000000000000000000001
1000000000000000000000011000000000000000000000000000000000000000000100000000000000000000000000000001
1000000000000000000000111010000000000000000000000000000000000000000100000000000000000000000000000001
1000000000000000000000110000000000000000000000000000000000000000000000000000000000000000000000000001
1000000000000000000000010010000000000000000000000000000000000000000000000000000000000000000000000001
1000000000000000000000111000000000000000000000000000000000000000000000000000000000000000000000000001
1000000000000000000000111000000000000000000000000000000000000000000000000000000000000000000000000001
1000000000000000000000111100000000110000000000000000000000000000000000000000000000000000000000000001
1000000000000000000000111100000000000001000000000111111000000000010001000000000000000000000000000001
1000000000000000000000111100000100001111000000000111111100000000011001000000000000000000000000000001
1000000000000000000000111101100111111111100001001111111110011001001000000000000000000000000000000001
1000000000000000000000111101000111111111110001111111111111101100000100000000000000000000000000000001
1000000000000000000000111111111111111111110000111111111111101110000111000000000000000000000000000001
1000000000000000000000011100000110111111110000011111111111110110000111000000000000000000000000000001
1000000000000000000000011000011111111111110000111111111111010011000011100000000000000000000000000001
1000000000000000000000110000011111111111110000111111111111111000110011100000000000000000000000000001
1000000000000000000011110000011111111111110000100100001111110000100000111111000000000000000000000001
1000000000000000000111110000011110000111110000110000000010011000000000111111100000000000000000000001
1000000000000000000111110000010000000001110000110000000000001000000000111111100000000000000000000001
1000000000000000000011110000000000000001110000110000000000000000000000111111000000000000000000000001
1000000000000000000011100000000000000000100000010000000000000000000000111111000000000000000000000001
1000000000000000000001100000000000100001100000000000001001000000000000110110000000000000000000000001
1000000000000000000001000000000000000001000000001000000110000000000000100110000000000000000000000001
1000000000000000000000100000000000000000000000000100000000000000000000110000000000000000000000000001
1000000000000000000000110000000000000100000000000010000000000000000000110000000000000000000000000001
1000000000000000000000010000000000001000000000000011100000000000000000110000000000000000000000000001
1000000000000000000000000011110000000011000000000011110000001100000000100000000000000000000000000001
1000000000000000000000000011110000000110000000000011100000000000100000001000000000000000000000000001
1000000000000000000000010011110000000100000000000001100000000001100000010000000000000000000000000001
1000000000000000000000000011110000001000000000000001110000000000000000100000000000000000000000000001
1000000000000000000000000011100000011100000000000111110000000000000000000000000000000000000000000001
1000000000000000000000000011100000111110000000011110111000000000000000000000000000000000000000000001
1000000000000000000000000011100000110011111111111110011000000000000000000000000000000000000000000001
1000000000000000000000000011100001110001111111111000001100000000000000000000000000000000000000000001
1000000000000000000000000011100011110001111111110000001100000000000000000000000000000000000000000001
1000000000000000000000000001000011100000111111110000000110000000000000000000000000000000000000000001
1000000000000000000000000000000111100000111111110000000111000000000000000000000000000000000000000001
1000000000000000000000000000001111000000111111100000000011000000000011000000000000000000000000000001
1000000000000000000000000000000111001111111111100000000011000000000001100000000000000000000000000001
1000000000000000000000000000001110011111111111111111110011000000000100110000000000000000000000000001
1000000000000000000000000000011111111111111111111111111111000000001100111000000000000000000000000001
1000000000000000000000000000010001111111111111111111111111000000001100011100000000000000000000000001
1000000000000000000000000000000001111010000000000000001100000000011100001110000000000000000000000001
1000000000000000000000000000000000000000000000000000000000000000111000001110000000000000000000000001
1000000000000000000000000000010000000000000000000000000000000111111000001111000000000000000000000001
1000000000000000000000000000001000000001111110111100000000000111111000001111100000000000000000000001
1000000000000000000000000000001100000000111110010000000000011111111000011111100000000000000000000001
1000000000000000000000000000001100000000000000000000000000011111110000011111100000000000000000000001
1000000000000000000000000000001110000000000000000000000000111111110001001111110000000000000000000001
1000000000000000000000000000001110000000000000000000000000111111100000001111110000000000000000000001
1000000000000000000000000000001111000000000000000000000000111111100000001111110000000000000000000001
1000000000000000000000000100000111110000000000000000000001111111000000001111111111000000000000000001
1000000000000000000000011000000011110000000000000000000111111111000000000111111111000000000000000001
1000000000000000000001110000000011111000110000000000011111111110000000000111111111000000000000000001
1000000000000000000111100000000011111111111110110001111111111100000000000111111110000000000000000001
1000000000000000111111000000000011111111111111111111111111111100000000000111111111111111111000000001
1000000000000001110000000000000011111111111111111111111111111000000000000011111111110001111111111101
1000000000001111111100000000001111111111111111111111111111111000000000000001111111000010111000111111
1000000000000111111100000000011111111111111111111111111111110000000000000001111111011111111100100001
1000000000011111011000000000111101111111111111111111111111100000000000000001111111111111111000100001
1000000000001111010000000000111101111111111111111111111111111100000000000000111110111111110000000001
1000000111011111010000000001111110011111111111111111111111111110000000000000111110111111110000000001
1000001111111111111111111111111111011111111111111111111111011111000000000000011111111111110000000001
1100001111111111111111111111111111111111111111111111111110011111111000100000011111111111111110000111
1110101111111111111111111111111111111111111111111111111100111111111111111111111111111111111000000111
1100111111101111111111111111111111111111111111111111110011111111111111111111111111111111111110011111
1101111110011111111111111111111111111111111111111111101111111111111111111111111111111111111110010001
1101111111011111111111111111111111111111111111111111111111111111111111111111111111111111111100001111
1101111110111111111111111111111111111111111111111111111111111111111111111111111111111111100000011111
1111111111111111111111111111111111111111111111111111111111111111111111111111111111111111100000111111
1111111101111111111111111111111111111111111111111111111111111111111111111111111111111111100111111111
1111111111111111111011111111111111110011111111111111111111111111111111111111111111111111110111111111
1111111101111111111011111111111111100000111111111111111111111111111111111111111111111111111111111111
1111111111111111110111111111111111100000011111111111111111111111111111111111111111111001101111111111
1111111111111111100111111111111111100000011111111111100111111111111111111111111111111000011111111111
1111111111111111101111111111111111100000100010001100001111111111111111111111111111111000011111111111
1111111111111111101111111111111111100000000000000000011111111111111111111111111111111010111111111111
1111111111111111001111111111111111110000000010000000111111111111111111111111111111111111111111111111
1111111111111111011111111111111111110000000000000000111111111111111111111111111111111111111111111111
1111111111111110111111111111111111110000000000000001111111111111111111111111111111111111111111111111
1111111111111110111111111111111111110000000000000111111111111111111111111111111111111111111111111111
1111111111111101111111111111111111111000000000001111111111111111111111111111111111111111111111111111
1111111111111101111111111111111111111000000000011111111111111111111111111111111111111111111111111111
1111111111111011111111111111111111111100000000111111111111111111111111111111111111111111111111111111
1111111111110111111111111111111111111100000001111111111111111111111111111111111111111111111111111111
1111111111110111111111111111111111111110000011111111111111111111111111111111111111111111111111111111
1111111111100111111111111011111111111110000111111111111111111111111111111111111111111111111111111111
1111111111111111111111110011111111111111011111111111111111111111111111111111111111111111111111111111
1111111111011111111111110111111111111111111111111111111111111111111111111111111111111111111111111111
1111111110011111111111000111111111111111111111111111111111111111111111111111111111111111111111111111
1111111110111111111001001111111111111111111111111111111111111111111111111111111111111111111111111111
1111111000011111110010001111111111111111111111111111111111111111111111111111111111111111111111111111
1111111001111100100001111111111111111111111111111111111111111111111111111111111111111111111111111111
1101110011011101011111111111111111111111111111111111111111111111111111111111111111111111111111111111
1100000011011001111111111111111111111111111111111111111111111111111111111111111101111111111111111111
1101000110011111111111111111111111111111111111111111111111111111111111111111111111111111111111111111
1111001111111111111111111111111111111111111111111111111111111111111111111111111111111111111111111111
1111111111111111111111111111111111111111111111111111111111111111111111111111111111111111111111111111
1111111111111111111111111111111111111111111111111111111111111111111111111111111111111111111111111111
1111111111111111111111111111111111111111111111111111111111111111111111111111111111111111111111111111
